Cartes
790		555		72.5
880		730		72.5
1350		730		-72.5
1440		555		-72.5
1010		280		0
1230		280		0

Blessures
450		810
480		810
510		810
540		810
430		680
460		680
490		680
520		680
370		580
400		580
430		580
460		580
350		480
380		480
410		480
440		480
350		380
380		380
410		380
440		380
350		290
380		290
410		290
440		290
410		200
440		200
470		200
500		200
530		200
560		200
590		200
620		200
650		200
680		200
710		200
740		200
720		270
750		270
780		270
810		270
720		340
750		340
780		340
810		340
670		420
700		420
730		420
760		420
550		450
580		450
610		450
640		450
510		380
540		380
570		380
600		380
540		310
570		310
600		310
630		310

Joueurs
770		580
800		580
830		580
860		580
960		280
990		280
1020		280
1050		280
1180		280
1210		280
1240		280
1270		280
1360		570
1390		570
1420		570
1450		570
1280		730
1310		730
1340		730
1370		730
850		730
880		730
910		730
940		730

Personnages
660     960     0
1440    100     180
150     280     90
1750    280     -90

Equipements
939     936     0
1132	936     0
1308	936     0
1514	936     0
147     936     90
147     736     90
147     536     90
147     336     90
862     53      0
1062	53      0
1262	53      0
1462	53      0
1745	501     -90
1745	701     -90
1745	901     -90
1745	1101     -90

Boutons
1200   500
1000    500
1100    600

Playing Card
700     700     0













































































	


































